humidity: 98.891058
temperature: 92.063089
timestamp: 2023-08-01T13:51:49Z
uuid: 29C5F44E0A49470FB06367CDC9724FD3
humidity: 57.771012
temperature: 99.201915
timestamp: 2023-08-01T13:52:03Z
uuid: 29C5F44E0A49470FB06367CDC9724FD3
