humidity: 80.604452
temperature: 55.352422
timestamp: 2023-08-01T13:51:48Z
uuid: 795B685C6A9840349AC02A725824C928
humidity: 83.268601
temperature: 75.329164
timestamp: 2023-08-01T13:52:02Z
uuid: 795B685C6A9840349AC02A725824C928
