light: 565.917698
timestamp: 2023-08-01T13:51:46Z
uuid: B52F0A27BCE64509B51B723C35FEF877
light: 818.307783
timestamp: 2023-08-01T13:52:00Z
uuid: B52F0A27BCE64509B51B723C35FEF877
