light: 866.882706
timestamp: 2023-08-01T13:51:37Z
uuid: D4D6B32BCB214121AB1615266F84506C
light: 362.663929
timestamp: 2023-08-01T13:51:51Z
uuid: D4D6B32BCB214121AB1615266F84506C
