light: 862.037903
timestamp: 2023-08-01T13:51:42Z
uuid: D7D6B22BCB314121AB16152C3F84301C
light: 962.877110
timestamp: 2023-08-01T13:51:56Z
uuid: D7D6B22BCB314121AB16152C3F84301C
