humidity: 13.017037
temperature: 62.065836
timestamp: 2023-07-27T12:13:13Z
uuid: 29C5F44E0A49470FB06367CDC9724FD3
humidity: 34.109320
temperature: 19.432654
timestamp: 2023-07-27T13:31:36Z
uuid: 29C5F44E0A49470FB06367CDC9724FD3
light: 426.600003
timestamp: 2023-07-27T12:11:23Z
uuid: B52F0A27BCE64509B51B723C35FEF877
light: 967.281076
timestamp: 2023-07-27T12:13:10Z
uuid: B52F0A27BCE64509B51B723C35FEF877
light: 580.528215
timestamp: 2023-07-27T13:28:11Z
uuid: B52F0A27BCE64509B51B723C35FEF877
light: 670.505542
timestamp: 2023-07-27T13:31:33Z
uuid: B52F0A27BCE64509B51B723C35FEF877

